Calibration File

(The following syntax denotes a 4x4 transformation to apply to point clouds from each file suffix)
{###}
{FileSuffix.mkv}
{4x4 transform space delimited}
###
Master.mkv
1.000000000000	0.000000000000	0.000000000000	0.000000000000
0.000000000000	1.000000000000	0.000000000000	0.000000000000
0.000000000000	0.000000000000	1.000000000000	0.000000000000
0.000000000000	0.000000000000	0.000000000000	1.000000000000
###
Sub1.mkv
0.023118843840	0.138130296735	-0.990143821584	1583.132938827193
-0.096308934145	0.986110395483	0.135318903462	-167.278835972369
0.995083510005	0.092231346271	0.036100949048	2062.826268211446
0.000000000000	0.000000000000	0.000000000000	1.000000000000
###
Sub2.mkv
-0.998158097593	0.005000115717	-0.060460067793	300.970073572199
-0.008252641562	0.976142467800	0.216974041539	-257.499608977251
0.060102546067	0.217073382816	-0.974303364078	3254.505243534470
0.000000000000	0.000000000000	0.000000000000	1.000000000000
###
Sub3.mkv
0.015455281362	-0.104987911192	0.994354096571	-1281.954290839296
0.061431899318	0.992692889820	0.103857683482	-122.431712346280
-0.997991964813	0.059479905544	0.021791957271	1529.438165818279
0.000000000000	0.000000000000	0.000000000000	1.000000000000

(The following syntax denotes the file suffix to use for body tracking)
///
Sub2.mkv

(Capture Space bounds in millimeters, set to {-9999, 9999} if unspecified)
(Note that the Y axis is flipped in the Kinect depth data)
---
X -1000 1000
Y -9999 9999
Z 0 3000